   0 	 25145.000000 	 30191.516000 	 34841.000000
    1 	 25610.000000 	 30194.610000 	 35967.000000
    2 	 26033.000000 	 30220.406000 	 34448.000000
    3 	 25347.000000 	 30209.208000 	 34031.000000
    4 	 25347.000000 	 30202.460000 	 34376.000000
    5 	 25347.000000 	 30201.754000 	 34194.000000
    6 	 24815.000000 	 30174.382000 	 34194.000000
    7 	 24805.000000 	 30109.992000 	 34002.000000
    8 	 25687.000000 	 30184.816000 	 34461.000000
    9 	 25611.000000 	 30228.694000 	 34524.000000
   10 	 25506.000000 	 30213.006000 	 34679.000000
   11 	 25580.000000 	 30231.810000 	 34184.000000
   12 	 24539.000000 	 30245.150000 	 35000.000000
   13 	 24913.000000 	 30215.934000 	 34448.000000
   14 	 25034.000000 	 30193.102000 	 34407.000000
   15 	 24936.000000 	 30138.514000 	 34366.000000
   16 	 24887.000000 	 30090.106000 	 34489.000000
   17 	 24720.000000 	 30045.100000 	 34762.000000
   18 	 24489.000000 	 30119.072000 	 35545.000000
   19 	 24682.000000 	 30040.630000 	 35274.000000
   20 	 23834.000000 	 30048.616000 	 34008.000000
   21 	 22919.000000 	 30021.950000 	 34109.000000
   22 	 24230.000000 	 30124.822000 	 34829.000000
   23 	 24724.000000 	 30147.746000 	 34402.000000
   24 	 24745.000000 	 30190.968000 	 34640.000000
   25 	 24792.000000 	 30193.130000 	 34639.000000
   26 	 24433.000000 	 30222.018000 	 33791.000000
   27 	 24812.000000 	 30230.368000 	 34052.000000
   28 	 24486.000000 	 30270.544000 	 34250.000000
   29 	 24221.000000 	 30197.950000 	 34122.000000
   30 	 24880.000000 	 30217.876000 	 34207.000000
   31 	 25001.000000 	 30195.810000 	 34207.000000
   32 	 25586.000000 	 30158.890000 	 34363.000000
   33 	 24972.000000 	 30185.914000 	 34004.000000
   34 	 25791.000000 	 30145.848000 	 34563.000000
   35 	 25356.000000 	 30106.044000 	 34492.000000
   36 	 24503.000000 	 30058.474000 	 34916.000000
   37 	 24354.000000 	 29967.360000 	 34618.000000
   38 	 25547.000000 	 30049.316000 	 35218.000000
   39 	 25466.000000 	 30085.588000 	 35032.000000
   40 	 25743.000000 	 30180.014000 	 35436.000000
   41 	 25094.000000 	 30158.882000 	 35474.000000
   42 	 25920.000000 	 30195.426000 	 34518.000000
   43 	 25451.000000 	 30196.624000 	 34793.000000
   44 	 25652.000000 	 30243.320000 	 34411.000000
   45 	 24926.000000 	 30143.390000 	 34527.000000
   46 	 24917.000000 	 30130.100000 	 34864.000000
   47 	 24917.000000 	 30128.980000 	 34147.000000
   48 	 24906.000000 	 30125.698000 	 34703.000000
   49 	 24503.000000 	 30101.816000 	 33928.000000
   50 	 24403.000000 	 30159.448000 	 34436.000000
   51 	 24543.000000 	 30205.882000 	 34383.000000
   52 	 24923.000000 	 30166.502000 	 34778.000000
   53 	 24923.000000 	 30184.278000 	 34612.000000
   54 	 25003.000000 	 30154.918000 	 35195.000000
   55 	 25577.000000 	 30183.404000 	 34674.000000
   56 	 23653.000000 	 30214.318000 	 35368.000000
   57 	 24418.000000 	 30216.376000 	 34533.000000
   58 	 25419.000000 	 30236.278000 	 34794.000000
   59 	 25092.000000 	 30217.108000 	 34140.000000
   60 	 24882.000000 	 30246.980000 	 34335.000000
   61 	 23933.000000 	 30196.476000 	 35561.000000
   62 	 24491.000000 	 30184.982000 	 34274.000000
   63 	 24581.000000 	 30213.324000 	 34013.000000
   64 	 24885.000000 	 30196.890000 	 34337.000000
   65 	 24821.000000 	 30223.292000 	 34337.000000
   66 	 24747.000000 	 30196.800000 	 34137.000000
   67 	 25068.000000 	 30167.504000 	 34044.000000
   68 	 24694.000000 	 30139.552000 	 34013.000000
   69 	 25928.000000 	 30080.800000 	 33846.000000
   70 	 25219.000000 	 30123.718000 	 34056.000000
   71 	 25269.000000 	 30122.102000 	 34163.000000
   72 	 25164.000000 	 30063.344000 	 34456.000000
   73 	 25164.000000 	 30139.912000 	 34716.000000
   74 	 25687.000000 	 30189.132000 	 35022.000000
   75 	 25662.000000 	 30147.822000 	 34482.000000
   76 	 25744.000000 	 30195.634000 	 34287.000000
   77 	 25470.000000 	 30249.550000 	 33931.000000
   78 	 26029.000000 	 30250.848000 	 33886.000000
   79 	 26101.000000 	 30290.728000 	 34574.000000
   80 	 25700.000000 	 30289.950000 	 34663.000000
   81 	 25126.000000 	 30290.118000 	 34160.000000
   82 	 23808.000000 	 30233.478000 	 33896.000000
   83 	 23808.000000 	 30209.138000 	 33988.000000
   84 	 24806.000000 	 30297.642000 	 33828.000000
   85 	 25094.000000 	 30313.288000 	 34278.000000
   86 	 24494.000000 	 30221.452000 	 34468.000000
   87 	 25739.000000 	 30112.968000 	 34871.000000
   88 	 25192.000000 	 30140.552000 	 34916.000000
   89 	 25427.000000 	 30120.532000 	 35090.000000
   90 	 25332.000000 	 30108.704000 	 34750.000000
   91 	 25299.000000 	 30158.308000 	 34259.000000
   92 	 24594.000000 	 30161.522000 	 34530.000000
   93 	 25101.000000 	 30079.732000 	 34381.000000
   94 	 25784.000000 	 30056.098000 	 34615.000000
   95 	 24928.000000 	 30030.274000 	 34008.000000
   96 	 25515.000000 	 30016.248000 	 33911.000000
   97 	 24874.000000 	 30002.578000 	 34228.000000
   98 	 24704.000000 	 29964.412000 	 33939.000000
   99 	 24380.000000 	 30049.106000 	 34501.000000
  100 	 23961.000000 	 30022.144000 	 34369.000000
  101 	 25057.000000 	 30117.618000 	 34213.000000
  102 	 25190.000000 	 30135.926000 	 33880.000000
  103 	 25390.000000 	 30114.806000 	 34236.000000
  104 	 24861.000000 	 30099.336000 	 34281.000000
  105 	 25307.000000 	 30089.484000 	 34626.000000
  106 	 25749.000000 	 30122.042000 	 34626.000000
  107 	 24690.000000 	 30120.060000 	 35632.000000
  108 	 25506.000000 	 30110.338000 	 35039.000000
  109 	 25544.000000 	 30082.836000 	 34541.000000
  110 	 25612.000000 	 30057.156000 	 34474.000000
  111 	 25707.000000 	 30071.384000 	 35492.000000
  112 	 25901.000000 	 30061.380000 	 35001.000000
  113 	 25203.000000 	 30061.898000 	 34462.000000
  114 	 25049.000000 	 30051.242000 	 35728.000000
  115 	 25402.000000 	 30041.952000 	 34893.000000
  116 	 25338.000000 	 30063.306000 	 35135.000000
  117 	 25184.000000 	 30022.866000 	 34750.000000
  118 	 24684.000000 	 30078.800000 	 34336.000000
  119 	 24292.000000 	 30171.564000 	 34537.000000
  120 	 25387.000000 	 30140.646000 	 34337.000000
  121 	 25271.000000 	 30076.906000 	 34783.000000
  122 	 24452.000000 	 30067.966000 	 34744.000000
  123 	 24976.000000 	 30129.226000 	 34489.000000
  124 	 25455.000000 	 30153.774000 	 34544.000000
  125 	 25746.000000 	 30127.986000 	 34933.000000
  126 	 25565.000000 	 30112.602000 	 35278.000000
  127 	 25043.000000 	 30121.364000 	 35207.000000
  128 	 23802.000000 	 30207.208000 	 33965.000000
  129 	 24565.000000 	 30244.024000 	 34159.000000
  130 	 25034.000000 	 30223.522000 	 34159.000000
  131 	 25034.000000 	 30220.790000 	 34228.000000
  132 	 24606.000000 	 30230.600000 	 34286.000000
  133 	 25329.000000 	 30233.598000 	 34424.000000
  134 	 25143.000000 	 30208.260000 	 35267.000000
  135 	 25099.000000 	 30217.316000 	 34391.000000
  136 	 25119.000000 	 30129.178000 	 33817.000000
  137 	 25119.000000 	 30161.088000 	 34399.000000
  138 	 25243.000000 	 30148.506000 	 34150.000000
  139 	 24499.000000 	 30155.760000 	 34163.000000
  140 	 25007.000000 	 30139.510000 	 34548.000000
  141 	 25998.000000 	 30202.894000 	 34577.000000
  142 	 25656.000000 	 30232.720000 	 34191.000000
  143 	 26052.000000 	 30193.750000 	 34752.000000
  144 	 25302.000000 	 30158.690000 	 34940.000000
  145 	 24742.000000 	 30193.276000 	 35051.000000
  146 	 24775.000000 	 30144.010000 	 35752.000000
  147 	 24651.000000 	 30116.188000 	 34913.000000
  148 	 24467.000000 	 30143.470000 	 34765.000000
  149 	 24564.000000 	 30126.668000 	 33922.000000
  150 	 24672.000000 	 30142.682000 	 34817.000000
  151 	 24104.000000 	 30109.378000 	 34495.000000
  152 	 24555.000000 	 30108.510000 	 34529.000000
  153 	 25536.000000 	 30133.198000 	 33979.000000
  154 	 25096.000000 	 30139.638000 	 34446.000000
  155 	 25545.000000 	 30163.502000 	 34183.000000
  156 	 24828.000000 	 30164.642000 	 34941.000000
  157 	 24977.000000 	 30165.986000 	 34809.000000
  158 	 25543.000000 	 30131.160000 	 34747.000000
  159 	 25387.000000 	 30099.116000 	 34685.000000
  160 	 25440.000000 	 30137.850000 	 35133.000000
  161 	 25356.000000 	 30199.488000 	 34200.000000
  162 	 23883.000000 	 30127.298000 	 33636.000000
  163 	 24521.000000 	 30196.912000 	 33833.000000
  164 	 24464.000000 	 30247.160000 	 34318.000000
  165 	 25326.000000 	 30255.044000 	 34443.000000
  166 	 24491.000000 	 30195.526000 	 34058.000000
  167 	 24171.000000 	 30185.658000 	 33975.000000
  168 	 24924.000000 	 30103.398000 	 34026.000000
  169 	 24462.000000 	 30114.184000 	 34268.000000
  170 	 24565.000000 	 30086.394000 	 34165.000000
  171 	 24705.000000 	 30134.514000 	 34423.000000
  172 	 24792.000000 	 30140.792000 	 34375.000000
  173 	 24792.000000 	 30101.842000 	 34963.000000
  174 	 25551.000000 	 30108.396000 	 34529.000000
  175 	 24892.000000 	 30046.722000 	 34142.000000
  176 	 24767.000000 	 30121.988000 	 34545.000000
  177 	 25084.000000 	 30152.774000 	 34307.000000
  178 	 25515.000000 	 30135.786000 	 34247.000000
  179 	 25809.000000 	 30146.750000 	 34417.000000
  180 	 24842.000000 	 30135.258000 	 34728.000000
  181 	 25306.000000 	 30168.078000 	 33933.000000
  182 	 26045.000000 	 30139.182000 	 34289.000000
  183 	 25563.000000 	 30091.554000 	 34286.000000
  184 	 25209.000000 	 30142.100000 	 34639.000000
  185 	 25010.000000 	 30021.716000 	 34829.000000
  186 	 24349.000000 	 30048.040000 	 34745.000000
  187 	 24571.000000 	 30083.592000 	 34214.000000
  188 	 24064.000000 	 30153.950000 	 34176.000000
  189 	 24067.000000 	 30171.920000 	 34221.000000
  190 	 24723.000000 	 30137.218000 	 34268.000000
  191 	 24343.000000 	 30068.746000 	 34361.000000
  192 	 25514.000000 	 30109.802000 	 34417.000000
  193 	 24370.000000 	 30163.812000 	 34497.000000
  194 	 24247.000000 	 30212.730000 	 35068.000000
  195 	 25574.000000 	 30177.774000 	 35068.000000
  196 	 25350.000000 	 30104.654000 	 35514.000000
  197 	 25353.000000 	 30142.816000 	 34259.000000
  198 	 25184.000000 	 30165.386000 	 35057.000000
 